28.9551
29.0207
29.1508
29.5981
29.2009
28.7028
28.9785
29.2502
29.2028
29.1831
29.091
29.3063
29.0268
29.2982
29.0538
29.1233
29.1225
28.9968
29.4418
29.2749
28.7477
29.2167
29.0335
29.4005
28.8465
29.3352
29.0276
28.861
28.9843
28.9437
29.1195
29.0086
29.4492
29.2696
28.9109
28.9987
29.229
29.033
28.7094
29.0081
28.8948
29.0718
29.3605
28.8065
29.1194
28.9492
28.9257
28.9597
29.1136
28.8958
28.9812
28.7206
28.8146
29.001
29.273
28.9049
28.8478
29.1558
29.425
29.0157
28.9665
29.2157
29.1502
28.7912
29.1347
29.0831
28.9666
28.8768
29.0291
29.0408
28.8865
29.21
28.9188
28.638
29.3371
29.5611
29.246
28.8791
28.6466
28.9022
29.1219
28.9161
29.0973
28.6983
28.7904
28.9027
28.8739
28.8824
29.3307
29.2246
28.9012
29.1474
29.0256
28.858
29.2818
29.2437
29.0627
29.0222
29.4233
28.9649
29.1645
28.7088
28.7219
28.6585
29.1998
29.1658
28.9131
28.9093
28.9116
29.4436
28.9235
28.8014
28.9078
28.6363
28.5958
29.3666
28.9979
28.813
28.82
28.3612
29.1437
29.3282
28.5398
28.6149
28.6423
28.8307
28.5841
29.002
28.6399
29.2292
28.9007
28.6392
28.5091
28.9125
29.1634
28.9805
28.9204
29.0689
28.6882
28.6076
29.1217
28.605
28.7465
29.1367
28.9456
29.1205
28.9125
28.7756
28.9694
28.9362
29.0083
28.4621
28.9751
28.5275
29.1007
28.9753
28.9835
28.5832
28.7515
29.0443
29.027
28.4585
28.7885
28.3348
28.9131
28.8785
28.7063
29.0585
28.8176
28.89
29.2561
28.6952
28.7414
28.9037
29.2537
29.2808
28.9047
28.6371
28.6026
28.983
29.033
29.1498
28.9007
28.9655
28.7915
28.88
28.7504
28.9433
28.5479
28.7302
28.6439
29.0286
29.199
29.2331
29.0671
28.5381
29.0662
29.0946
29.0061
29.5175
29.4051
28.6106
28.668
29.1362
28.939
29.0196
29.2214
29.386
28.9924
29.034
29.3288
28.761
28.8767
28.7982
28.7209
28.7188
28.7069
29.0251
29.0891
28.8076
28.8788
28.7215
28.6315
29.1156
29.0191
29.0581
29.3545
29.5303
28.6736
28.5466
29.1795
29.0202
29.0052
28.5084
29.1733
29.1205
28.9153
28.8041
29.1322
29.1296
29.3547
28.9909
28.8864
28.7943
28.4652
28.5963
28.6283
28.8181
29.2451
29.024
28.7133
29.0599
28.949
29.1348
29.0164
28.9692
28.9323
28.2018
29.4167
28.9636
28.784
29.083
29.2073
28.771
28.894
28.8665
28.7048
28.8228
28.7086
28.9306
29.1931
29.2887
29.1156
29.2495
29.0529
28.6244
29.0512
29.061
28.5913
28.8598
28.9533
29.1971
28.6558
28.8419
28.3503
28.6576
29.0352
29.2713
28.9109
28.9551
28.7711
29.2667
28.9018
29.0459
29.4781
28.8109
28.6838
28.837
28.6395
29.006
28.6552
28.5307
29.0263
28.5823
29.2839
28.7309
28.7742
28.7133
28.8201
29.1618
29.0048
29.13
28.7901
29.0411
29.1097
28.6742
28.8918
29.2511
29.1198
28.7301
28.4978
28.9674
29.0847
29.0323
28.737
28.8946
28.8905
29.0184
28.8834
28.9654
29.1222
28.4855
29.0836
28.8555
28.9198
28.8082
28.933
29.0282
28.9295
28.5045
28.9601
29.3385
29.2204
29.0696
29.0469
28.76
29.2478
29.1151
29.0582
28.6695
29.0039
28.752
28.7745
29.06
28.9413
28.5711
28.9301
29.3045
29.118
29.0284
28.8849
28.5486
28.7878
28.8789
29.0709
29.0475
28.7241
29.0044
29.0025
28.9376
28.9656
28.6753
28.8945
29.2367
28.9005
28.6625
29.1305
28.8562
28.7678
29.1824
28.9013
28.968
28.8649
28.8608
29.1495
29.0737
29.2422
28.829
28.8983
29.055
29.199
29.0201
29.0952
28.8867
29.242
29.0462
28.8667
29.0943
29.0501
28.9824
28.8864
29.003
28.3976
28.9358
29.1061
29.2932
29.0279
29.2728
29.1584
29.3517
28.9946
28.9998
29.217
28.8814
29.2832
29.1157
29.1141
29
29.2682
29.1927
28.796
29.0638
29.3292
28.86
28.8821
29.105
29.0084
28.7124
28.9754
29.0316
29.3546
28.9305
29.171
29.3553
29.2112
28.9415
28.955
28.9569
28.8139
29.0746
29.6407
29.0801
29.1081
29.2279
29.3581
29.1013
28.762
28.8638
29.2259
28.982
29.1938
29.2904
28.9215
29.5058
28.6383
28.8795
28.9072
29.3369
29.3919
29.2492
29.1482
28.9447
29.275
29.4589
29.1493
28.7309
29.0302
29.2628
29.2251
28.9942
29.0905
29.0809
28.7706
28.607
29.1916
29.3528
29.2089
29.5719
29.4298
28.7848
29.1084
29.2437
29.3697
28.8366
29.0754
29.0122
29.0462
28.7174
29.1334
28.9569
28.5872
29.5771
29.3245
28.8243
28.8557
29.1408
29.0567
29.1983
28.8816
28.8955
28.754
29.0351
29.1084
29.0204
28.9366
29.0132
28.8898
28.9584
28.9601
28.8646
28.6394
28.7588
28.5882
29.177
28.8136
28.7941
28.9199
29.1758
28.5817
29.1349
28.9873
29.3586
29.129
28.6548
28.7423
29.3939
28.6055
29.0799
28.6287
29.0304
29.2587
28.937
29.2052
28.8474
29.278
28.9318
29.1927
29.0414
29.3396
29.5597
28.8149
28.693
28.779
28.8782
28.988
29.0012
29.1961
29.0798
28.648
29.2879
29.1526
28.583
29.3696
29.0394
28.7026
28.7649
29.0085
28.8099
28.5211
28.752
28.8354
29.2046
28.7755
29.0624
28.8975
29.0604
29.1448
28.8656
28.9548
29.5052
28.8756
29.1343
28.9455
28.7212
29.2874
29.3057
29.1379
28.4378
29.3678
28.8309
28.6775
28.9122
28.8445
28.7591
28.8538
29.0638
28.8557
28.4404
29.1264
28.7244
28.8829
29.2069
28.7952
28.7504
28.4314
29.0315
28.8362
28.7633
28.5333
29.057
28.6195
28.5521
28.8981
28.9853
28.9468
28.7894
28.9123
28.3862
28.9641
28.7871
29.18
28.8701
28.8616
28.1138
29.1098
28.6998
28.4486
28.5687
28.913
29.1925
28.8279
28.8407
28.6956
29.1895
28.8539
28.7071
28.9966
29.0125
28.7829
28.8421
28.709
28.8187
29.0849
28.6523
28.8893
28.7886
28.9167
29.0124
28.795
29.0932
28.6432
28.6496
28.4403
28.6108
28.8856
29.3075
28.5597
29.1084
28.7708
29.0577
28.922
28.7961
28.9268
28.6974
28.5978
28.9111
28.8002
28.8564
28.6446
28.8474
29.1009
28.9641
28.8292
28.8772
28.6253
29.2028
28.7039
28.9421
28.8813
28.8667
28.4591
29.3353
28.6104
28.8233
28.5452
28.4533
29.2022
28.7713
28.8054
28.9067
28.6134
28.4977
28.6195
28.8536
29.018
29.0133
28.5643
28.9801
28.8213
28.6561
28.5219
28.6948
28.5481
28.5699
28.8347
28.6593
28.4645
28.8422
28.8322
28.5315
28.604
28.9182
28.512
28.5655
28.8286
29.1213
28.759
29.1014
29.0893
28.6108
28.7845
28.5443
28.393
28.5894
28.8294
28.9054
28.3897
28.6095
28.6929
28.5856
28.6865
28.6285
28.719
28.5333
29.0155
28.7821
28.6847
28.8216
28.6672
28.5662
28.422
29.2343
28.7618
28.4641
28.8628
28.9344
28.7193
28.8839
28.5557
28.6604
29.1172
29.0151
28.9197
29.1663
28.8937
28.4852
28.8369
29.0017
28.8732
28.7696
28.6894
28.6627
28.7751
28.8547
28.5785
28.6563
28.4306
28.5318
28.3446
28.7841
28.4304
28.9698
28.5507
28.9932
28.9698
28.6985
28.8663
28.7632
28.9928
28.9062
28.7747
28.7659
28.3519
28.9303
29.0531
29.0619
28.829
28.782
28.9759
29.091
28.5591
28.7151
28.9554
28.9926
28.906
29.1394
28.7552
28.8451
29.1019
28.8709
28.1169
28.4591
29.0059
28.6274
28.6426
29.0315
28.7609
28.7153
29.0454
28.7788
28.4697
28.9499
28.6658
28.9
28.6258
28.6678
29.1955
28.3887
29.0432
29.0519
29.0587
28.78
29.0694
28.7171
28.5497
28.8822
28.5544
28.6015
28.9978
29.023
28.9655
28.8596
28.7704
28.911
28.1821
28.5257
28.6034
29.0038
29.3514
28.5541
28.7957
28.9598
29.1677
29.0304
29.097
28.7008
28.5844
28.9105
29.3027
28.5291
29.1177
28.7868
28.8012
28.5509
28.8207
28.6802
28.5966
28.8059
28.9018
28.8916
28.9521
29.4165
29.1982
28.7246
28.9207
28.639
29.1538
28.8655
28.6195
28.8769
28.8206
28.7348
28.6515
29.1475
28.6792
29.1979
28.6605
29.0108
28.9083
28.6817
28.817
28.773
29.2292
29.1059
28.975
28.8727
29.0536
29.0687
28.9218
28.871
28.7667
28.9385
29.1889
28.9923
28.5473
29.161
28.7297
28.9729
29.0094
28.5257
28.9352
28.6714
28.9224
28.5897
28.4021
29.1048
29.1123
28.8792
28.7869
28.8324
28.8134
28.7401
28.723
28.7739
28.9815
28.8807
28.8373
28.8215
29.1071
29.1952
28.9951
29.1613
28.7897
28.5334
28.555
28.8513
29.0652
28.8911
28.6588
28.6598
28.9462
28.6421
28.9909
28.7568
28.8925
28.4044
28.701
29.0228
28.9938
28.7612
28.8184
29.0049
28.7878
28.5758
29.0102
28.7544
28.754
28.5852
29.0934
28.8475
28.6313
29.1684
29.2546
28.9805
29.2176
28.5983
28.5125
28.7292
28.8725
28.8463
28.7695
28.8731
29.029
28.9426
28.8834
28.8447
28.701
29.1119
29.3079
28.6203
28.4713
28.9169
28.5837
29.0451
28.8362
28.8886
28.6532
28.9412
28.6352
28.4883
28.9092
28.656
29.0143
28.5587
29.0195
29.0348
29.027
29.1061
29.1558
28.6991
28.8183
28.545
28.9263
28.8649
28.7057
28.7196
28.7347
28.7273
28.4658
29.2066
28.642
29.032
28.7679
28.8899
28.9043
28.7283
28.232
29.2524
28.997
28.4471
29.0779
29.0418
29.0307
28.7874
28.7311
28.8796
29.0686
29.21
28.8951
29.007
28.5724
28.8963
28.5246
28.4725
28.4559
28.9797
28.8741
29.4023
28.6471
28.8644
28.9353
28.8191
28.6201
29.114
28.8771
28.6873
28.5713
28.9314
29.1596
28.6496
28.9709
29.5541
28.4647
28.7361
28.4962
28.765
28.8505
28.8475
28.7708
28.5567
28.8716
29.1479
28.8034
28.8889
28.6445
28.3888
29.1098
28.3884
29.0216
28.8667
28.5992
28.6358
28.8717
28.603
28.6918
28.9218
28.7862
28.3035
28.9106
28.7922
28.7372
28.3852
28.8551
28.4022
28.8421
28.5249
28.7985
28.7151
28.8636
28.7864
28.7386
28.4857
28.9087
28.8454
28.6536
28.7822
28.9827
28.636
28.5161
28.8051
28.3425
28.906
28.9006
28.7782
28.5159
28.6725
28.9674
28.6284
28.5897
29.1302
28.9507
28.4495
27.7495
28.3635
28.9817
28.7926
28.7697
28.8865
28.3549
28.684
28.8652
28.7021
28.6086
28.3393
28.4775
28.9994
28.6292
29.221
28.9286
28.7356
28.7729
29.2105
28.7266
28.5034
28.678
28.8195
28.6845
29.0844
28.9485
28.7508
28.3569
29.1451
29.1977
28.9141
29.1221
29.0559
28.7063
28.8792
28.9379
28.8361
29.1258
28.7096
28.7231
29.2079
28.8089
28.9354
28.9804
29.0249
28.939
29.0225
29.0452
29.3717
28.5996
28.848
28.9859
29.1562
29.0651
28.9493
28.6016
29.2117
29.0539
28.9402
28.6801
28.5793
29.1394
29.1637
28.7702
28.8036
29.1893
28.6988
29.0739
28.864
28.9072
29.0661
29.0935
29.1135
29.1582
28.9134
28.9084
29.0621
28.8114
28.8186
28.7983
29.1953
29.2064
28.9152
29.2154
29.1067
28.9863
28.7806
29.0819
28.8282
28.8554
28.809
28.8678
28.8033
29.2964
28.9614
29.2753
28.6159
28.8037
29.1468
29.0563
29.1146
29.1932
29.0642
28.7733
28.6744
28.8875
28.923
28.654
29.0033
29.1204
28.6636
28.9883
28.9387
29.3364
28.6804
29.0208
29.4571
29.0861
29.1178
28.9994
29.1832
28.9661
29.0822
29.0605
28.9286
28.7744
29.0404
28.6683
29.1222
28.7824
28.7556
29.2238
28.9918
28.5079
28.8891
28.802
28.8687
29.0181
29.4494
29.2687
29.3501
28.7048
28.9143
28.8695
28.835
29.5193
28.8241
28.7618
28.7705
28.8195
28.8966
29.0487
28.7674
29.2843
29.133
29.202
28.6043
28.8736
28.7183
29.2333
28.7486
28.5422
28.7469
29.0054
28.8624
29.2332
29.1068
28.8967
28.8933
28.7483
29.1939
29.2271
29.2236
29.1362
28.778
28.9595
28.5666
29.33
28.9665
29.0994
28.762
29.0816
28.7395
29.0031
29.0498
29.2214
29.2132
29.0262
29.0666
28.9735
28.6587
29.4416
29.225
29.0734
28.9417
29.1876
28.7533
29.0204
28.7525
29.0746
28.4258
29.3793
28.671
29.094
28.9716
29.1683
29.0144
28.9312
28.5138
28.7316
29.1269
29.2547
28.7821
29.0648
28.7138
28.9842
28.9477
28.8153
28.9342
29.0206
29.6055
28.8545
28.5245
29.0932
29.2164
28.7425
28.5415
29.2589
28.5147
28.9727
28.9277
28.817
28.6592
29.0891
28.8337
28.8791
28.9339
29.1142
29.0292
28.7562
28.9857
29.2532
28.7332
29.2243
29.2619
28.8459
28.8277
29.2364
28.6524
28.8813
28.3806
28.8516
29.1804
28.8738
29.2826
28.9788
28.7805
28.8694
28.6225
28.7438
28.917
29.2457
28.7651
28.9404
29.0799
28.825
28.7358
28.6985
28.7766
28.9701
28.8484
28.5849
28.7756
29.0977
28.8436
28.4753
29.0997
28.6787
28.7245
29.1581
29.0392
29.189
29.1084
29.1342
28.8639
28.6119
29.3596
29.1645
29.0387
29.1713
28.9947
28.8724
28.9606
28.7561
28.8453
29.0365
28.8331
28.9958
29.3942
28.5506
28.9145
28.6331
28.9158
28.6575
28.9716
28.9953
28.9878
28.9732
29.3343
29.0516
28.7862
28.9427
28.737
28.7271
29.0949
28.8656
28.4179
28.7161
28.6674
29.2465
29.0411
28.8016
29.1985
28.5366
28.9123
28.6632
28.6115
28.843
28.7079
28.6296
28.755
28.8137
28.8854
28.8244
28.8088
29.1381
28.7047
29.1273
28.7913
28.9678
28.7654
28.8485
28.6639
29.0346
28.8462
28.8916
29.1116
28.9042
29.3406
28.9747
29.0423
29.1344
28.7051
28.9458
29.015
29.3651
28.663
28.817
28.786
29.1848
28.7655
28.8157
28.6197
28.8651
29.2526
28.9135
29.0831
29.0677
28.9541
28.5873
29.2823
28.6156
28.5727
28.8728
28.8316
28.526
28.8053
28.9875
29.1761
28.7377
28.7809
29.0505
28.5591
28.7752
29.0676
29.1058
28.921
28.7511
29.2985
28.6941
29.3102
29.1439
28.9534
28.4807
28.9427
28.7268
29.231
29.0895
29.0696
28.5491
29.2419
28.916
29.1774
29.1565
28.7475
29.158
29.0232
28.7637
29.0568
29.1197
28.7286
28.6318
28.9067
29.0537
28.8348
28.9499
28.6261
28.5169
28.7944
28.6424
29.0635
28.8747
28.5921
28.659
28.8829
28.6656
28.5607
28.9999
29.2286
28.7495
28.9854
28.92
29.1737
28.8911
28.7695
28.9877
28.9716
29.3227
28.8262
28.9193
29.127
28.7698
28.6133
28.9528
28.8932
29.0302
28.8626
28.6971
28.4887
29.4509
29.2237
29.046
28.7279
29.0125
28.4557
29.4928
28.9079
28.8
28.5926
28.6668
29.2005
28.8846
28.4615
28.9888
28.2048
29.1094
28.6865
28.5785
28.8917
28.9577
28.5566
28.3425
28.5643
28.9544
28.8779
28.6288
28.7568
28.5916
28.9013
29.2907
28.7621
28.606
28.9624
28.5984
28.871
28.8389
28.7892
28.9145
28.8641
28.9196
28.5335
28.9132
28.7076
29.1747
28.8774
28.6053
28.7253
28.7533
28.8629
28.5393
28.5869
28.771
28.6987
28.777
29.0822
28.8374
28.5645
28.5615
28.7942
28.8088
28.6861
28.6433
28.8078
28.8361
28.9151
28.7076
28.7217
28.8025
28.888
28.7141
28.6521
28.169
28.5301
28.6955
28.5734
28.7815
28.3789
28.5899
28.5656
28.9698
28.7581
28.506
28.6296
29.2846
28.6933
28.7895
28.9251
29.2043
29.273
28.4607
28.5585
29.1198
28.8703
28.9262
28.848
28.8233
29.1358
28.9645
29.4887
28.8861
28.9665
28.6129
28.3568
29.2587
28.9032
29.2569
28.955
29.0926
28.5051
28.5963
28.8834
29.2894
28.9321
28.8024
28.4297
28.8069
28.6429
28.7589
29.0039
28.8086
28.9523
29.0109
29.0879
29.0631
28.9567
28.431
28.4657
28.6168
29.0667
28.8019
28.656
29.2477
28.8507
28.7839
29.0967
29.1868
28.7734
28.732
28.7923
28.6728
29.3109
29.0274
29.1081
29.3185
29.2833
29.0397
28.8521
28.8092
28.431
28.6879
29.0287
28.8442
29.0557
28.7375
28.8996
28.8877
28.8537
28.424
28.8249
28.5925
29.4131
28.998
28.7489
29.2533
28.7048
28.8243
29.1615
28.8517
29.1358
28.728
28.8931
29.1277
28.8715
29.1433
28.9245
29.0244
28.7522
28.9482
29.0063
28.6951
29.2418
28.964
29.0346
28.7494
28.8967
29.0967
29.1508
28.6686
28.9178
29.0981
29.1219
28.7197
28.991
29.2718
29.1928
28.7583
28.8788
28.8866
29.2015
28.9353
29.169
29.112
28.9302
28.9145
29.5115
28.6313
28.8652
28.8335
29.3075
29.2082
28.8636
28.8874
28.7525
28.9621
29.1499
29.1429
28.7567
29.0428
29.2161
28.7864
29.2276
28.7847
28.7265
28.8696
29.534
28.9587
28.9435
28.4987
28.6454
29.2438
29.3562
28.6013
28.8587
29.4517
29.2634
28.9334
29.1022
29
28.9096
28.4084
28.9781
28.8246
29.2359
29.116
29.0382
29.0421
29.2886
28.479
29.2946
29.0501
29.2705
28.6119
28.3401
28.9519
28.5488
28.4988
29.1689
28.7698
28.9567
28.9159
28.9869
28.5336
29.0862
29.4704
29.0115
28.9828
29.2258
28.8797
28.9137
28.9915
28.984
28.7115
28.8805
29.0595
28.8999
28.7608
28.7064
28.9823
28.931
29.2588
29.1549
29.0867
28.8301
29.0879
28.7438
28.6318
28.6821
29.0671
28.5469
29.1734
28.7797
28.8757
29.0073
28.9053
29.2288
28.7667
28.3106
28.6922
28.7322
29.0361
29.0713
28.8943
28.8825
29.1047
28.9785
28.9596
28.9517
28.6463
28.9538
28.726
28.5306
28.7599
29.1084
28.8779
28.9359
28.6786
28.5507
28.6978
28.6936
28.748
28.9713
28.7948
29.0062
28.8883
28.5116
28.9771
28.7248
28.6198
29.3727
28.4057
28.7701
29.2406
29.0023
29.0138
28.8213
28.7453
28.8149
28.4602
28.9349
28.7605
29.0812
29.2905
28.7752
28.5616
28.6716
28.6044
29.0528
29.5692
28.6892
28.9253
28.7988
28.675
28.9564
28.8109
28.4819
28.554
28.6988
28.7069
28.7592
28.4327
28.6992
28.9354
28.8729
28.6418
29.2385
28.6364
28.6997
29.014
28.8359
29.1359
28.7684
28.9277
28.9331
28.5928
29.079
28.7759
28.284
29.2147
28.7913
28.6833
28.6483
28.7474
29.0081
28.4616
28.5913
28.5217
28.8437
28.9002
28.6413
28.6606
28.8831
28.5449
28.6358
28.9937
29.1748
28.7844
28.7409
28.3221
29.1527
29.2524
28.8534
28.6583
28.7335
29.1706
28.3712
29.1366
28.7262
28.8657
28.917
28.6975
29.401
28.7106
28.5717
28.849
29.0316
28.7229
28.5015
28.7698
28.4015
28.8835
28.3714
28.3107
28.2879
28.6118
29.147
28.6976
28.6044
28.8608
28.422
28.7299
28.6264
28.56
29.0016
28.6766
28.6884
28.8576
28.7284
28.8114
28.9101
28.3732
28.4154
28.8799
28.8265
28.7556
28.3272
28.6908
28.7856
28.4869
28.9608
28.8261
28.2936
28.9078
28.8043
28.5379
29.2986
29.1237
28.9387
28.8893
29.304
29.0097
28.8483
28.6108
28.3222
28.5878
28.7269
28.4015
29.0806
28.6105
29.0455
28.9422
29.0445
28.835
28.844
28.6801
28.7622
28.8878
29.0305
28.9602
28.3176
28.1893
29.2166
29.3547
28.6864
29.2357
29.0297
29.0483
28.2913
28.8665
29.2729
28.7272
28.7155
28.8837
28.375
28.9043
29.1574
28.8462
28.7528
28.9987
28.3955
28.6595
29.3339
28.8513
28.9073
29.2391
28.9298
29.2296
28.7793
28.4978
28.722
28.4946
28.9994
28.8911
29.2028
28.4962
29.0717
28.6458
28.9127
29.0376
28.9778
28.9028
28.9325
28.9035
28.8723
29.0331
29.1456
28.8652
28.984
28.7391
28.7499
28.9551
28.8629
28.8035
28.8623
28.764
28.9378
28.9889
28.7598
28.7787
28.5154
29.0977
29.278
28.7555
28.7297
28.9041
28.7943
28.4972
28.9165
28.7968
28.469
28.5309
29.2519
28.7134
28.7944
28.9404
29.3382
28.9782
29.1135
28.9968
28.8743
29.3257
29.2496
29.0725
29.4316
29.1515
29.0554
28.9353
29.0281
28.9015
29.2387
28.8656
29.1827
29.1409
28.8398
28.6819
28.9013
29.2574
28.9227
29.067
28.9384
29.2047
29.2222
28.7662
29.3202
29.3062
29.0746
29.4456
28.9067
29.0557
29.4138
28.8717
28.9822
28.8184
29.2969
28.7634
29.0972
28.5034
29.2426
28.7786
29.047
29.1961
29.1596
28.8911
29.1998
29.3826
29.2657
28.8426
29.1576
29.1154
29.0689
29.1588
29.0565
29.4459
28.9962
28.5927
29.2249
29.4769
29.0583
29.0941
29.0678
28.9601
29.0407
29.0227
28.7518
29.2716
28.8251
29.0439
28.9498
29.1085
28.6568
29.1397
28.7018
29.4325
28.8309
28.9432
28.9253
28.5905
28.6077
28.6269
28.7382
29.1593
28.9031
28.5998
28.544
28.7224
28.6987
28.7424
28.7104
28.6497
28.4786
29.2252
28.7389
28.6829
28.6029
28.531
28.9405
28.5683
28.5149
28.9225
28.8442
28.7484
28.7103
29.0498
28.4549
28.8964
28.5708
28.7333
28.7121
28.8639
28.5006
28.6479
28.9223
28.4861
28.5868
28.9612
29.1212
28.6037
28.6963
28.6755
28.8512
28.9071
28.5303
29.3734
28.6611
28.2421
28.8441
28.6606
28.8036
28.3675
28.6628
28.6832
28.6858
28.5137
29.1247
28.6426
28.5661
29.1182
28.8151
28.3385
28.6064
28.7347
29.0057
28.7682
28.9359
29.1689
28.2849
29.1657
29.2746
28.4777
28.9165
28.7203
28.949
28.7716
28.6055
28.9625
28.456
28.9857
28.9288
28.7587
28.3953
28.5839
28.4763
28.6619
28.6675
28.8534
28.6994
28.8942
28.7918
28.8342
28.4716
28.5389
28.8515
28.6043
28.5663
28.751
29.1599
28.9225
29.3053
28.7891
28.5743
28.8502
28.914
28.5772
28.5232
28.6977
29.0235
29.0093
29.0239
28.8788
28.8976
29.1746
28.8093
28.7321
29.1158
28.6192
28.9261
28.8037
29.0686
28.789
29.2264
28.4782
28.4411
29.0824
28.8662
28.6852
28.9057
29.0023
28.8948
28.4689
28.8972
28.9086
29.0683
28.7501
29.3006
28.8782
28.9101
29.0782
29.0146
28.3915
28.9083
28.7561
28.9447
29.2035
28.9717
28.8523
28.9165
28.8671
28.5473
28.6073
29.0564
28.9122
28.4592
28.9971
28.8571
28.7524
29.0349
28.7748
29.1996
29.0457
28.8407
28.8125
28.5413
29.2619
28.9189
28.5425
29.1832
29.3406
28.9771
29.1339
28.8093
28.4985
28.9662
28.9265
28.8694
28.4667
28.7299
28.8741
29.1811
29.0501
28.8232
28.8937
28.5695
28.8368
28.5529
28.5524
29.0402
28.9138
29.0555
28.9531
29.0394
28.9737
28.96
28.7497
28.554
29.0676
29.3641
28.5071
29.0905
28.6356
29.005
29.083
28.9915
28.9401
28.82
29.0212
28.7141
28.9445
28.988
28.9401
29.0446
28.705
29.1831
28.5421
29.0264
28.748
28.5186
28.495
29.0391
28.7393
28.8849
29.1099
28.9124
28.4589
28.6921
28.5988
28.9144
29.0158
28.7426
28.8634
28.8048
28.7606
28.7812
28.9263
28.6927
28.7504
28.612
28.8893
29.1697
28.8734
28.967
28.5631
28.5323
28.8799
28.7723
28.8702
28.9638
28.6309
28.6635
28.8639
29.1212
28.6185
29.0782
28.6616
28.8762
28.6016
28.4939
28.8232
28.7948
29.0438
28.8954
28.9647
28.6157
28.8623
28.9103
28.874
28.7624
28.8798
28.3223
29.0944
28.8228
28.8404
28.4596
28.8473
28.8134
28.9656
28.9548
28.942
29.2335
28.5934
29.0201
28.8815
28.6598
28.8827
28.8975
28.9888
28.5524
29.3344
29.1716
28.6614
28.862
28.8321
28.8313
29.272
28.7145
28.3155
29.2671
29.1115
28.9796
29.0182
28.9265
28.7486
29.019
28.9152
28.7451
28.6273
28.7052
29.006
29.022
28.9138
28.5557
29.0907
28.7339
28.6007
28.5728
29.0698
28.7736
28.7208
29.1069
28.5486
28.5944
29.2116
29.0609
28.8102
29.1953
28.9208
28.8121
28.9163
28.8335
29.0602
29.0456
28.7326
28.8956
29.2573
28.8458
28.3443
28.6319
28.6404
28.6427
28.9898
29.0503
29.0858
28.8049
29.0727
28.7763
28.9554
28.8267
29.0423
28.6061
28.8289
29.0576
28.9126
28.9965
29.3275
29.096
28.9615
28.6842
28.8753
28.4725
28.9586
28.9455
28.5351
28.7422
28.8798
28.7602
28.9266
28.9323
28.7514
28.6299
28.6257
28.564
29.2779
28.835
28.9259
29.2456
28.8738
28.9121
28.9691
29.0725
28.7452
28.9702
28.389
28.4337
28.7407
28.7471
28.715
28.9613
29.2168
28.8994
28.7842
29.0178
28.8639
28.9158
29.1138
28.8911
28.7929
29.0956
28.7034
28.7851
28.8204
28.555
28.6209
28.7567
28.5852
28.5493
28.8326
28.8283
28.9972
28.8438
28.7645
29.0611
28.2513
28.7763
29.1455
28.3322
28.8509
28.6367
28.6728
28.9554
29.2294
29.081
28.8214
28.9811
28.8431
28.9963
28.8549
28.3268
29.3163
28.8026
28.8739
28.8594
28.711
29.0867
28.4808
29.0161
28.9005
28.8593
29.0785
29.0045
29.0831
28.7305
28.6694
28.8535
28.9255
28.6338
28.967
28.8513
28.6735
29.3633
28.7387
28.5711
28.6935
29.0009
28.8106
28.4752
29.1215
29.1168
28.7997
28.7508
28.9093
28.7739
29.0611
28.4955
28.6494
28.9919
29.0443
29.0994
28.8684
29.0191
28.9741
28.811
28.894
28.6826
29.0638
28.8574
28.4683
28.8248
29.1138
28.6418
29.0862
28.9541
28.9324
28.3409
28.9493
28.6618
29.182
28.6684
28.7716
29.1581
28.353
28.9928
29.1673
28.7205
28.5041
28.7867
28.9078
28.6805
28.6052
28.4686
28.5348
28.8507
29.3146
28.7628
28.6326
29.015
28.6852
28.571
28.9143
28.5421
28.5579
28.8797
28.9178
28.8689
28.7957
29.1105
29.1373
28.7803
28.677
28.5128
28.4061
28.6266
28.4714
28.5524
29.0581
28.7783
28.2899
28.9826
29.0898
29.0681
29.1745
28.5102
28.852
28.8262
28.8186
29.2988
28.4749
29.1468
28.728
28.7866
28.7171
28.9389
29.0645
28.4296
28.4699
29.2774
28.9402
28.8306
28.6847
28.6262
28.3941
28.9103
28.515
29.0199
28.7917
28.4961
28.9065
28.1566
28.9023
29.0942
28.4861
29.1513
29.4186
29.1043
28.945
29.155
28.8775
28.8888
29.3353
29.1919
29.0557
29.1882
29.2748
28.8092
28.8044
28.8873
28.8653
28.5516
29.0356
28.9484
29.2109
29.0539
28.9794
28.7492
29.1319
29.269
28.265
28.9206
28.8617
28.949
28.7705
29.2657
28.7218
29.0698
28.5449
28.701
28.9969
28.8855
29.1355
28.796
28.7796
28.8152
29.1998
28.7846
29.1893
28.7937
28.4332
29.2023
29.2672
28.7729
29.2629
29.0456
28.8791
29.0209
29.137
29.3508
28.8608
28.5962
28.8542
28.8569
28.9906
28.6465
28.7903
28.8149
29.3622
28.828
28.9952
28.8372
28.9582
28.8624
29.018
28.5238
28.4972
28.9962
28.7937
28.6653
28.7184
29.0822
29.0738
28.9063
29.0869
29.1829
28.722
28.7633
29.0379
28.6516
28.8933
28.9615
28.9402
28.9951
28.5199
29.0972
29.0839
28.7437
28.8429
29.0602
28.8437
28.7486
29.1485
28.7051
28.7158
28.7317
28.6748
28.7774
28.9298
28.9898
28.8725
28.9641
28.551
28.847
28.6653
28.686
28.727
29.1806
28.6521
28.5647
28.7849
28.7791
28.8629
28.8642
29.2012
28.5197
28.5367
29.0487
28.4564
29.0615
28.6823
28.8593
28.2725
28.8001
28.838
28.5972
28.6202
28.2457
28.7385
28.5196
28.3489
28.5642
28.4026
28.7457
28.5779
28.6104
28.6161
28.689
28.283
29.0016
28.8382
28.6881
28.7221
28.8728
28.4032
28.802
28.4756
28.6811
28.3361
28.4145
28.5242
28.6982
28.7151
28.3239
28.29
29.0544
28.4732
28.7774
28.2548
28.5503
28.3231
28.8904
28.6793
28.6994
28.8663
28.5566
28.4977
28.45
28.34
28.367
28.464
28.6
28.3715
28.5338
28.8366
28.8229
28.5074
28.7315
28.5099
28.4058
28.4542
28.6351
28.5527
28.745
29.0109
28.7085
28.2132
28.8773
28.7811
28.9921
28.3975
28.6903
28.7588
28.7489
28.899
28.5606
28.9185
28.6968
28.5392
28.7996
28.7989
28.4489
29.1179
28.6055
28.9392
29.1802
29.0633
28.8512
28.7942
28.6811
28.9958
28.8299
28.598
28.9588
29.1308
28.8056
28.765
28.9346
28.7413
28.9741
29.1241
28.7009
29.2605
28.801
29.0387
28.2777
28.7181
29.0435
29.0462
29.02
28.6796
28.5736
28.8542
28.753
28.9795
28.8139
29.0627
29.1221
28.9217
28.6249
28.6331
28.9408
28.7649
28.6986
28.9825
28.9673
28.6796
28.8503
29.3184
28.7157
28.917
28.7901
28.8115
29.124
28.8167
28.4467
29.3539
29.0899
28.6693
28.9711
28.7754
28.8753
28.5551
28.5174
28.987
28.4185
28.756
29.0842
29.1777
28.7312
28.9408
28.995
28.7852
28.944
28.7345
28.8107
28.8035
28.5805
29.0792
28.8742
28.8
28.3517
29.1656
28.9102
28.5153
28.881
29.3848
28.7782
28.9083
29.28
29.0515
29.314
28.726
28.8828
29.0626
28.9458
28.9723
28.721
28.8549
28.9889
28.9399
28.7597
29.3066
28.9878
28.7814
28.8936
29.007
29.1433
28.9775
28.9014
28.9238
28.3729
28.6826
28.2814
28.9384
28.1758
28.5822
28.7603
28.9115
28.7981
28.8217
28.2356
28.8997
28.4981
28.6988
28.566
28.5983
28.8262
29.3317
28.9928
28.5927
28.8683
28.6226
28.6401
28.9314
28.6996
29.1375
28.9253
28.9551
28.9943
28.6456
28.8419
28.6085
28.655
29.0211
28.5308
28.9113
28.9763
28.886
28.9258
28.7566
28.5711
28.9142
29.0553
29.1865
28.2984
29.1837
29.0369
28.5129
28.8147
28.5498
28.9421
29.0863
28.8597
28.8112
28.3925
28.8624
28.8787
28.5283
28.6314
28.7584
28.7381
28.536
29.2402
28.9864
28.6043
28.8629
28.9088
28.6636
28.7275
28.3848
28.8632
28.8877
28.2884
28.5862
28.5938
28.7698
28.63
28.85
28.7171
28.7668
28.8385
28.6616
28.5578
29.0155
28.7223
28.6524
28.5331
29.1294
28.7654
29.0633
28.8688
28.3641
28.7491
28.9071
28.8124
28.6
29.1699
28.7391
28.5331
28.5838
28.8489
28.9373
28.8656
28.5255
28.2178
29.102
28.6853
28.4276
28.9138
28.3706
28.5917
28.6027
28.8377
28.906
28.3604
28.7276
28.8014
28.2326
28.9552
28.9099
28.7688
28.8977
28.8658
28.6664
29.0713
29.3232
28.9056
28.674
28.8211
28.956
29.0559
28.7149
28.8561
28.7111
29.0628
28.7626
28.6591
28.6509
28.9926
29.1297
28.5324
29.0296
28.8181
28.9965
28.8428
28.6194
28.7822
28.7549
28.7315
29.1076
28.885
28.7957
29.1616
28.7379
28.684
29.0947
28.8812
28.9242
28.7182
29.2706
29.0451
28.8186
28.7241
29.0482
28.6118
29.1868
28.4256
28.6445
28.6098
28.793
28.8569
28.6621
28.7407
28.732
28.9422
29.0176
28.8252
28.9009
28.7295
28.6094
28.8692
29.0025
28.7137
28.77
28.4358
28.8087
29.256
28.662
28.7941
28.2268
28.5386
28.5133
28.7527
28.7228
28.7967
28.7525
28.6446
28.8256
28.7158
28.309
29.0234
28.5522
29.0192
28.1505
28.6448
28.4919
28.5691
28.5673
29.1011
28.7211
28.788
28.5931
28.598
28.5829
28.8898
28.6771
28.6224
28.7538
28.5727
28.9009
28.7378
28.2895
28.4538
28.8153
28.561
28.7471
28.6353
28.2249
28.665
29.1082
28.5864
28.644
28.8682
28.8405
28.9176
28.7799
28.7978
28.8477
28.5287
29.0861
28.7098
28.6709
28.6518
29.1511
28.7994
28.6872
28.972
28.8677
28.7409
28.6412
28.9292
29.0237
28.6138
29.1363
29.1173
28.7085
28.4408
28.8144
28.7808
29.0294
28.6401
29.0537
28.9716
28.7399
28.799
29.1367
28.7888
28.3651
28.4179
29.206
29.2574
28.9821
28.5151
29.1249
28.7684
28.9684
28.7075
28.9597
28.5164
28.9927
28.9002
28.6599
28.7041
28.6503
28.8107
28.6073
28.9188
28.5868
28.8549
29.054
29.13
28.6375
28.6601
28.6435
29.0777
28.3534
29.1679
28.9787
28.8339
29.0661
28.8506
29.0565
29.0918
29.1386
28.8679
29.1341
29.0277
28.8844
29.3147
29.0552
29.499
29.1027
28.8552
28.9917
28.9819
28.8608
28.9584
29.2015
29.0487
28.9057
28.884
29.3441
28.9621
28.6977
28.9505
29.1457
29.2117
29.3671
29.239
28.7881
29.432
28.8566
29.3387
28.9685
29.23
29.0834
28.8418
28.7017
29.1546
29.1588
28.8011
28.8848
29.2423
28.6035
29.0308
28.8828
29.0675
28.9205
29.1575
29.1307
28.6906
28.8533
29.2774
28.8185
29.1156
28.9901
28.9126
28.5221
28.5624
29.0266
28.6417
29.1984
29.1517
29.1141
28.9743
28.9408
28.9811
28.7753
28.9154
28.8894
29.0381
28.7464
28.9933
28.9507
28.6838
29.0862
28.7584
28.9053
28.8304
29.0032
29.0211
29.0335
28.6807
29.2524
28.8861
29.2602
28.9801
28.7611
28.7228
28.5386
28.7931
28.8112
28.9428
28.3676
28.8054
28.8922
28.3835
29.0465
28.6966
28.8265
29.0092
28.6134
28.563
28.7799
28.9838
29.103
28.2925
29.0557
28.5495
28.8733
29.0387
28.4459
29.0009
28.7863
28.9008
28.7442
29.0227
28.7475
29.1537
28.7965
29.1601
29.0495
29.1239
28.7538
28.6646
28.6501
28.7766
28.4967
28.7855
29.0342
28.843
28.794
28.7813
28.5952
28.5229
28.7068
28.9074
28.8819
28.6801
29.136
28.7186
29.1608
28.8808
28.4513
28.6013
28.9445
28.0657
28.888
28.8841
28.8288
28.4834
28.8866
28.6991
28.9573
28.3916
28.7009
28.5238
29.1499
29.0798
29.1253
28.4789
28.6788
28.7264
28.7633
28.8939
28.8621
28.426
28.7684
29.0072
28.8725
29.3037
28.8867
28.8583
28.7533
28.7549
29.1084
28.6278
29.0489
29.0579
28.98
29.2099
29.0385
28.9591
29.0648
28.8962
28.6984
28.6772
29.0062
29.1562
28.8688
29.0063
29.2135
29.1441
29.1004
28.7558
28.8227
28.7412
28.7763
29.1544
28.5108
29.1703
29.2258
28.8316
29.3094
29.3089
28.8657
28.9612
28.8575
28.9829
28.861
29.0492
28.8641
29.1214
28.1985
29.3446
28.7939
28.7739
28.6612
28.9044
28.9622
28.5951
29.1563
28.8452
28.5455
28.9363
28.8437
28.8685
28.7217
28.7218
28.6857
28.775
28.8798
29.1496
29.0975
28.9997
28.9553
28.5927
28.6004
28.742
28.7774
29.0943
28.7786
29.1275
28.5845
29.0739
29.2399
28.6089
28.8924
28.6255
28.8186
29.0933
28.7089
28.7914
28.9121
28.9035
29.3054
28.917
29.0133
28.03
28.7114
28.8403
28.7743
29.2186
28.8289
28.8018
28.2618
28.9728
28.921
28.6214
28.9315
28.4186
29.0458
29.2026
29.1578
29.0448
28.7349
29.0638
28.829
28.4414
28.6845
29.1065
29.0862
28.7624
28.9547
28.655
28.9908
29.1961
29.1334
28.9169
28.9433
29.0931
29.0368
28.7261
28.9539
28.9722
29.0332
29.2785
28.7823
28.7342
28.5208
29.021
29.4765
28.8528
28.666
29.0861
28.8401
28.8691
29.0544
28.4162
28.3683
28.6586
29.1717
28.8156
28.8812
28.9138
28.9149
28.9088
29.1705
28.7016
28.9004
28.8492
28.8029
28.7059
28.8267
28.639
28.9193
28.6857
28.9262
29.298
28.8534
28.6767
28.6584
28.9508
29.217
28.4608
28.7132
28.5812
28.4396
28.9534
28.856
28.7658
29.2357
28.9215
29.1312
28.8451
29.0862
28.8047
28.5203
28.5576
28.2539
29.0541
29.1228
28.4499
28.7306
28.4764
28.6584
28.6449
28.8789
28.5846
28.4223
28.845
28.854
28.4815
28.7284
28.6076
28.838
28.0889
29.0602
28.9794
29.003
28.7076
28.8464
28.8767
29.0857
28.6536
28.7325
28.753
28.8988
28.6844
28.6418
28.8496
28.7827
28.5971
28.5125
28.7874
28.7429
28.9942
28.649
28.9151
28.9083
28.9112
28.6709
28.5359
28.4654
29.1517
29.1546
28.836
28.3615
28.2289
28.7209
29.1721
28.5089
28.6595
28.6431
28.6268
28.8286
29.1137
28.2022
28.4668
28.6866
28.8778
28.8536
28.7393
28.9193
29.6092
28.3956
29.1403
28.4944
28.728
29.2244
28.8804
28.4177
29.0351
28.8336
28.8657
29.1412
28.6414
28.7959
28.5634
29.1307
28.7092
28.8652
29.044
29.3306
29.2084
28.8774
28.6832
28.8716
29.0277
28.4253
28.9771
28.7972
29.2132
28.9053
28.9374
28.7971
28.9246
28.9582
29.1711
28.0847
28.8539
28.9871
29.1071
28.8031
28.9137
28.5783
28.8284
29.0174
28.9326
28.6415
29.0213
29.1794
28.827
28.8416
29.2653
29.1037
28.899
29.2356
29.0026
28.9304
28.8542
28.7654
29.0812
28.6932
28.7501
28.8998
28.8581
29.1096
28.5826
28.8008
28.7228
28.8222
28.9504
28.6822
28.8573
29.0641
28.7284
28.7251
28.8881
29.1563
28.8062
28.3051
28.8763
28.5105
28.627
29.2064
29.1008
28.9815
28.8565
29.0363
28.6609
28.7567
28.7711
28.8861
28.4671
28.8619
29.0063
28.8757
28.558
28.8436
28.8272
29.3322
29.2631
29.1727
28.9978
28.8389
28.3411
28.814
28.9213
29.0398
28.9466
28.4604
28.9424
28.7613
28.7744
29.2322
28.9516
29.0881
28.9164
28.8861
29.3461
29.0187
29.0551
28.6361
28.9874
28.7655
29.1334
28.7049
28.7226
28.7865
29.1672
28.5584
28.2202
29.2939
29.0836
28.7121
28.8313
29.5993
28.859
28.8447
28.8747
28.7171
28.8735
29.1622
29.0932
28.9964
28.6198
28.9752
29.2544
28.8105
29.0939
28.7539
28.9994
29.0356
28.8236
29.396
29.1051
29.2314
28.9672
28.68
28.9465
28.9763
28.9083
28.9386
29.0457
28.9939
29.041
28.8618
29.2062
28.7716
28.9658
28.6947
28.7969
28.6072
28.5607
29.1029
28.7292
28.5162
28.8786
28.9535
28.9768
28.9133
29.0205
29.2548
28.8993
28.6843
28.8185
28.9898
29.3875
29.0352
29.199
28.761
29.396
28.6849
29.109
28.8914
29.09
28.8616
29.074
28.8452
28.7352
29.1395
28.8822
29.277
29.0031
29.286
28.9754
28.8853
28.837
28.8584
29.0355
28.9172
29.1277
28.86
29.1484
28.8889
29.1402
28.9758
28.7526
28.7655
29.2852
28.5197
28.7233
29.5278
29.044
28.8052
28.9676
28.7978
28.9187
28.9792
29.1804
28.8644
29.0084
28.5897
29.0693
28.8038
29.6619
28.6431
28.9805
28.8643
29.0723
28.8993
28.6831
29.0377
29.022
29.013
28.7897
28.3797
28.9085
28.6948
28.8105
28.4801
28.7148
29.3981
28.4759
28.4846
28.8533
28.9387
28.7989
28.7186
29.053
28.6362
28.8588
28.8405
28.6233
28.8993
29.1139
28.5383
29.1223
28.8129
28.7088
28.6628
28.7184
28.6969
28.9526
29.0582
28.7036
28.662
28.0882
28.7804
28.9992
28.6578
28.9381
29.041
28.6245
28.7676
29.108
28.9066
29.0473
29.1453
28.6703
29.1649
28.8772
28.9269
28.7804
28.8759
29.0893
28.6983
29.0505
28.847
28.9902
28.7286
29.1821
28.8648
29.0024
28.6986
28.6974
28.8267
28.824
29.0917
29.1358
29.349
28.8424
28.7129
28.8611
28.9397
29.3942
29.2782
29.0371
28.9671
28.8393
29.5856
28.3771
29.0014
29.1982
28.4803
28.7092
28.7613
28.7579
28.5305
29.108
29.2411
28.9775
28.9077
28.9569
28.7043
28.6999
28.7934
28.7804
28.8575
29.1512
28.888
28.7387
28.516
28.9098
28.5174
28.5842
28.3114
29.0881
28.507
28.9689
29.0743
28.9733
28.7885
28.5161
28.6838
29.3803
28.5997
29.0898
29.562
28.6517
28.5115
29.4531
28.6191
28.7955
28.6484
28.8768
29.0107
28.9449
28.8176
29.0111
29.0956
28.4074
28.8663
28.5218
28.613
28.7678
29.0356
28.933
28.8832
28.7196
29.0047
28.8539
29.0123
28.7072
28.6706
28.964
28.9945
28.5913
28.7058
28.9673
28.642
28.7923
28.933
28.7783
28.692
28.8664
28.6757
28.9755
28.451
28.7729
28.4009
29.066
28.9852
28.9682
28.7938
29.0901
28.9656
28.7924
28.7692
28.9213
28.6162
28.7847
28.298
28.4743
28.97
28.6505
29.1106
28.897
28.9202
28.7041
28.7827
28.3803
28.6586
29.3042
29.0064
28.5485
28.6778
29.1741
28.3698
28.6227
29.0273
29.2235
28.7922
28.7821
28.6106
28.7964
28.4377
29.0999
28.7625
28.2472
29.1735
29.0474
28.8648
28.5731
28.9229
29.2939
28.6666
28.7463
28.4119
28.4096
28.7164
29.2358
29.3548
28.6561
28.8585
29.1735
28.7191
28.4817
28.6857
28.9006
28.7287
29.1302
29.2589
28.7925
28.7676
28.8428
28.7431
28.6699
28.9404
28.3743
28.6976
29.0907
29.0702
28.6183
28.9866
28.9746
28.7067
28.7193
29.3262
28.6011
28.8736
28.8938
28.9401
28.7966
28.7352
28.5596
29.3521
28.5333
28.7422
28.7585
28.486
28.8222
28.7547
28.8064
28.804
28.5892
28.622
28.9646
28.703
28.8976
28.3663
28.6642
28.9884
28.927
28.7913
28.6172
28.5893
28.7277
28.7887
29.1513
28.9837
28.9226
28.7622
28.7446
28.5737
29.0876
28.4828
29.0074
28.8443
28.9986
28.9188
28.6008
28.8778
28.454
28.8496
29.2142
28.8947
29.3005
28.9998
28.7983
28.8975
29.1041
29.1592
28.8334
28.6423
29.0138
28.6607
28.9029
28.7912
28.6364
28.8566
28.7683
28.8081
28.5086
28.4693
29.1887
28.7021
28.9225
28.8391
28.5219
28.5354
29.1855
28.8476
28.8958
28.9122
29.1654
28.79
28.8285
29.1618
28.9203
29.2925
28.7911
29.0387
29.003
29.1824
29.0813
28.772
28.9686
28.7991
28.7585
29.2415
28.706
28.6365
28.7325
29.0018
28.8698
29.0123
29.0987
28.5943
28.5735
28.7461
28.9499
28.853
28.9314
29.018
28.6077
29.0659
28.9496
28.5379
29.2111
28.8352
28.7805
29.3437
28.7149
29.1315
28.2686
29.124
28.7717
29.0011
29.0926
28.7698
28.8819
28.6441
28.9513
28.8312
28.8785
28.3
29.0669
28.8231
29.0532
29.1295
28.6017
28.8464
28.6462
28.9663
29.069
28.724
28.7653
28.7516
28.5559
29.1668
29.0113
28.8226
28.836
29.1921
28.5882
28.872
28.8942
28.5375
28.9
29.0737
28.4347
29.3945
28.8903
28.5264
28.4356
28.9482
28.7372
28.4461
28.8335
29.34
28.9984
28.9812
29.2076
29.0513
28.4341
28.8385
28.6725
29.0632
29.1438
28.791
28.8924
28.5324
29.1875
29.1174
28.9893
29.2858
29.1751
28.6534
29.035
28.8693
28.8756
29.1612
29.1282
28.9617
29.2936
28.7724
28.7382
29.3206
29.242
28.8438
28.9006
28.9633
29.0447
28.4716
28.8465
28.7245
29.0141
28.8308
29.0085
28.8255
28.989
29.0259
28.7924
28.6402
29.4803
29.1022
28.9352
28.9942
28.4823
29.0576
28.5959
29.144
29.0738
28.8459
28.7451
28.8528
28.8199
28.8619
29.0631
29.0212
28.9895
29.1203
29.0025
29.0166
29.1456
29.4192
29.101
28.5376
28.8034
29.2722
28.9009
29.1736
29.087
29.0963
28.9338
29.2401
28.673
28.6515
29.1564
28.9794
28.3875
28.6897
28.7403
28.8138
29.2918
29.1624
28.4158
28.439
29.1346
29.0003
28.9652
28.6052
28.7675
28.8139
28.8157
28.8575
29.0236
28.4388
28.7914
29.035
28.6726
28.9927
28.9931
28.8974
28.4759
29.0932
28.9876
28.9725
29.0099
28.9865
29.0793
29.1528
28.9357
29.314
28.9369
28.9623
28.8953
29.0058
29.0571
28.305
29.0608
28.7612
28.8654
29.0681
29.3097
28.5163
28.6048
28.8579
28.6825
29.3453
28.9163
28.8638
28.7781
28.9686
29.1445
28.3282
28.8957
28.9922
28.4795
29.1037
29.0289
29.3034
29.1295
28.6431
28.5623
28.8106
28.6762
28.7072
28.7268
28.9388
28.6904
28.9722
29.0504
29.0702
28.6573
28.6323
28.4293
28.9359
28.7881
28.9505
29.1641
28.3671
29.1412
29.1501
28.9996
29.5479
29.0168
28.9675
29.0456
28.8257
28.9197
28.9165
28.9869
29.0236
28.9017
28.6258
28.8281
28.7011
28.4355
29.1669
28.8262
28.8563
29.2447
29.1671
28.7684
28.7831
28.9301
28.771
28.4364
28.9817
29.0381
29.0524
29.0951
28.9864
28.784
28.9925
29.3345
28.7818
28.9312
28.9753
28.8521
29.2039
28.9507
28.8783
28.9419
29.032
29
29.1574
29.0799
29.0015
28.8742
28.7286
28.665
28.6665
29.1281
29.2129
29.1876
29.1129
28.7591
29.5809
28.5488
28.826
28.8329
28.7631
29.3872
28.5817
29.1486
29.2405
28.5359
28.3038
28.7717
28.3852
28.4752
28.568
28.9127
28.7333
28.6324
28.7483
28.8235
28.4394
29.1321
29.1814
29.4177
29.1139
28.9602
28.8416
28.9212
28.9488
29.1188
28.645
28.8323
29.189
28.9851
29.1898
28.9923
28.6159
28.6117
28.9164
29.1809
29.1884
28.9793
28.8702
29.3297
28.678
29.0697
28.9922
29.1423
28.5602
28.7137
28.5132
29.1821
29.2751
28.5025
28.7809
28.8976
28.9818
28.8822
28.5541
28.6359
29.0229
28.8167
28.7745
28.4387
28.7313
29.3089
28.9962
28.7505
29.0816
29.1568
29.2652
28.5671
28.8727
28.8442
29.1565
28.857
28.7306
29.0047
28.9223
28.8167
29.2009
28.6558
28.6311
29.081
28.9544
28.7959
29.2384
28.968
28.7975
28.6895
29.4279
29.0786
29.0982
28.9171
29.2197
29.0141
28.9486
29.0821
28.709
29.3076
28.8778
29.2551
29.3695
28.7618
28.7557
29.0022
28.9933
28.8083
28.7035
29.0502
28.6728
29.0746
28.7128
28.8756
28.7436
29.0972
28.4131
29.0781
29.0059
28.9589
28.717
29.3011
28.657
28.8261
28.911
29.1314
28.8587
28.8815
28.9412
28.7307
28.56
29.2631
28.2781
29.0594
28.8431
28.5617
28.8193
28.6028
28.647
28.2867
28.8043
28.492
28.903
28.2847
28.7854
28.7302
28.8541
28.8409
28.9285
28.5602
28.7458
28.6629
28.8073
28.6324
28.4307
28.7582
28.6715
28.5867
28.8241
28.7781
28.4844
28.4905
28.6762
28.4395
28.4444
28.8709
28.8882
28.4626
28.818
29.2905
28.6677
28.9402
29.0799
28.4086
28.8337
28.9789
29.2334
28.9002
28.587
28.9379
28.7172
28.7747
29.0411
28.8861
28.2919
29.0927
28.7216
28.8741
29.3075
29.0663
28.6347
29.1149
29.2849
28.8748
28.712
29.2941
29.2084
29.2069
29.0658
28.7249
28.4691
29.1303
28.9551
29.1149
28.3767
28.7049
28.5295
28.8906
28.6391
28.498
28.7855
28.4996
28.5098
28.8021
28.7832
28.7586
28.5705
29.2241
28.6314
29.0411
28.9135
28.5562
28.4606
28.963
29.008
28.7736
28.5506
29.13
28.6035
28.9253
29.2968
28.47
28.8234
28.9133
28.9427
28.7419
28.9927
28.8664
28.8007
28.7444
29.063
29.14
28.7245
28.8243
28.9705
29.0951
28.8919
28.7627
28.3814
28.5114
28.5616
28.7287
28.9494
29.0243
28.4075
28.962
29.0594
28.7536
28.7125
28.618
28.7189
29.0946
28.4843
28.9946
29.1337
28.7313
29.0801
28.6972
28.7687
28.7983
29.139
29.1145
28.8117
28.9688
29.4327
28.7128
29.3127
28.496
28.7848
28.9244
28.8818
28.801
28.7082
29.3747
28.9534
28.9803
28.4693
28.5899
28.7324
28.8801
28.5374
28.9328
28.3602
29.0239
28.6324
28.8358
28.9086
28.777
28.9611
28.438
29.3031
28.831
28.6072
28.8183
29.313
28.3919
29.2529
29.0422
29.0979
28.7491
28.692
28.4756
29.0873
29.1812
28.7808
29.2572
29.0375
28.713
29.1984
28.8517
29.3079
29.0371
